

Attributes : 1 0 1 1 1 1 1 0 1 1 1 1 0 0 1 1 1 1 1 1 0 1 1 0 1 0 0 1 1 1 0 1 0 0 0 1 1 1 0 1 1 0 1 1 0 1 0 0 1 0 1 0 1 1 1 1 0 0 1 1 1 0 1 0 0 1 1 1 1 1 1 0 0 1 0 0 1 0 1 1 1 0 1 0 1 1 1 
Accuracy : 66.666667
Execution Time : 1115.120029 sec
Data Size : 1541 
C : 100000  Gamma : 0.000000 Ramdom State : 5

Attributes : 0 0 1 1 1 0 1 1 1 1 0 1 0 1 1 1 0 0 1 1 0 0 1 1 0 0 1 0 0 0 1 1 1 0 0 0 0 1 1 1 1 1 0 1 1 1 0 1 0 0 1 0 0 0 1 0 0 1 0 1 1 1 1 0 1 1 1 0 1 0 1 1 1 1 0 1 1 1 0 1 0 0 1 0 0 1 1 
Accuracy : 57.605178
Execution Time : 182.833547 sec
Data Size : 1541 
C : 3000  Gamma : 0.002500 Ramdom State : 41