

Attributes : 1 1 1 1 1 1 1 
Accuracy : 76.811594
Execution Time : 2.559128 sec
Data Size : 345 
C : 7  Gamma : 0.000150